cam0:
  T_cam_imu:
  - [0.014067833389924844, 0.9996023098557362, -0.024440094001271714, 0.0657094717307726]
  - [-0.9998997399258257, 0.014103075047756597, 0.0012701852087405128, -0.01662153508680676]
  - [0.0016143605484757653, 0.0244197748817434, 0.9997004893640622, 0.0014868599890966905]
  - [0.0, 0.0, 0.0, 1.0]
  cam_overlaps: [1]
  camera_model: pinhole
  distortion_coeffs: [-0.011602611404146694, 0.05399058892805103, -0.07542693754837938,
    0.03666365316319072]
  distortion_model: plumb_bob
  D: [-0.0037919150199741125, 0.04268831014633179, -0.04027144983410835, 0.007149685174226761, 0.0]
  K: [284.99139404296875, 0.0, 422.9537048339844, 0.0, 286.1293029785156, 396.4757080078125, 0.0, 0.0, 1.0]
  R: [1.0, 0.0, 0.0, 0.0, 1.0, 0.0, 0.0, 0.0, 1.0]
  P: [284.99139404296875, 0.0, 422.9537048339844, 0.0, 0.0, 286.1293029785156, 396.4757080078125, 0.0, 0.0, 0.0, 1.0, 0.0]
  resolution: [800, 848]
  rostopic: /camera/fisheye1/image_raw
  flip_camera: true
cam1:
  T_cam_imu:
  - [0.011810542390279122, 0.9995951714398011, -0.02588444171084584, -0.04439379107435547]
  - [-0.9998052969172723, 0.01221433647773218, 0.015497685006934178, -0.016235309745499065]
  - [0.01580757238202092, 0.025696365864524458, 0.9995448051171812, 0.0012030335279962774]
  - [0.0, 0.0, 0.0, 1.0]
  T_cn_cnm1:
  - [0.9999964092230391, 0.0022551294207702314, -0.0014477335121195142, -0.11006339056724425]
  - [-0.002234380261272062, 0.9998970009983116, 0.014177268405057909, 0.000510253673254922]
  - [0.0014795559720994585, -0.014173982710466103, 0.9998984494078623, -0.0006164896618526655]
  - [0.0, 0.0, 0.0, 1.0]
  cam_overlaps: [0]
  camera_model: pinhole
  distortion_coeffs: [0.005730625619095735, -0.009587210461496316, 0.01921165649877144,
    -0.010717188529046507]
  distortion_model: plumb_bob
  D: [-0.0037919150199741125, 0.04268831014633179, -0.04027144983410835, 0.007149685174226761, 0.0]
  K: [284.99139404296875, 0.0, 422.9537048339844, 0.0, 286.1293029785156, 396.4757080078125, 0.0, 0.0, 1.0]
  R: [1.0, 0.0, 0.0, 0.0, 1.0, 0.0, 0.0, 0.0, 1.0]
  P: [284.99139404296875, 0.0, 422.9537048339844, 0.0, 0.0, 286.1293029785156, 396.4757080078125, 0.0, 0.0, 0.0, 1.0, 0.0]
  resolution: [800, 848]
  rostopic: /camera/fisheye2/image_raw
  flip_camera: true

